function [xip3,w3,Nextr]=IntegrationParameters(nip3,nelnodes,N)
        % Quadrature Integration Points and Weights for Volume Integrals
        if nip3==4
            dat=[0.5854101966249680 0.1381966011250110 0.1381966011250110 0.1381966011250110 0.2500000000000000
                 0.1381966011250110 0.5854101966249680 0.1381966011250110 0.1381966011250110 0.2500000000000000
                 0.1381966011250110 0.1381966011250110 0.5854101966249680 0.1381966011250110 0.2500000000000000
                 0.1381966011250110 0.1381966011250110 0.1381966011250110 0.5854101966249680 0.2500000000000000];
        elseif nip3==10
            dat=[0.7784952948213300 0.0738349017262234 0.0738349017262234 0.0738349017262234 0.0476331348432089
                 0.0738349017262234 0.7784952948213300 0.0738349017262234 0.0738349017262234 0.0476331348432089
                 0.0738349017262234 0.0738349017262234 0.7784952948213300 0.0738349017262234 0.0476331348432089
                 0.0738349017262234 0.0738349017262234 0.0738349017262234 0.7784952948213300 0.0476331348432089
                 0.4062443438840510 0.4062443438840510 0.0937556561159491 0.0937556561159491 0.1349112434378610
                 0.4062443438840510 0.0937556561159491 0.4062443438840510 0.0937556561159491 0.1349112434378610
                 0.4062443438840510 0.0937556561159491 0.0937556561159491 0.4062443438840510 0.1349112434378610
                 0.0937556561159491 0.4062443438840510 0.4062443438840510 0.0937556561159491 0.1349112434378610
                 0.0937556561159491 0.4062443438840510 0.0937556561159491 0.4062443438840510 0.1349112434378610
                 0.0937556561159491 0.0937556561159491 0.4062443438840510 0.4062443438840510 0.1349112434378610];
        elseif nip3==20
            dat=[0.9029422158182680 0.0323525947272439 0.0323525947272439 0.0323525947272439 0.0070670747944695
                 0.0323525947272439 0.9029422158182680 0.0323525947272439 0.0323525947272439 0.0070670747944695
                 0.0323525947272439 0.0323525947272439 0.9029422158182680 0.0323525947272439 0.0070670747944695
                 0.0323525947272439 0.0323525947272439 0.0323525947272439 0.9029422158182680 0.0070670747944695
                 0.2626825838877790 0.6165965330619370 0.0603604415251421 0.0603604415251421 0.0469986689718877
                 0.6165965330619370 0.2626825838877790 0.0603604415251421 0.0603604415251421 0.0469986689718877
                 0.2626825838877790 0.0603604415251421 0.6165965330619370 0.0603604415251421 0.0469986689718877
                 0.6165965330619370 0.0603604415251421 0.2626825838877790 0.0603604415251421 0.0469986689718877
                 0.2626825838877790 0.0603604415251421 0.0603604415251421 0.6165965330619370 0.0469986689718877
                 0.6165965330619370 0.0603604415251421 0.0603604415251421 0.2626825838877790 0.0469986689718877
                 0.0603604415251421 0.2626825838877790 0.6165965330619370 0.0603604415251421 0.0469986689718877
                 0.0603604415251421 0.6165965330619370 0.2626825838877790 0.0603604415251421 0.0469986689718877
                 0.0603604415251421 0.2626825838877790 0.0603604415251421 0.6165965330619370 0.0469986689718877
                 0.0603604415251421 0.6165965330619370 0.0603604415251421 0.2626825838877790 0.0469986689718877
                 0.0603604415251421 0.0603604415251421 0.2626825838877790 0.6165965330619370 0.0469986689718877
                 0.0603604415251421 0.0603604415251421 0.6165965330619370 0.2626825838877790 0.0469986689718877
                 0.3097693042728620 0.3097693042728620 0.3097693042728620 0.0706920871814129 0.1019369182898680
                 0.3097693042728620 0.3097693042728620 0.0706920871814129 0.3097693042728620 0.1019369182898680
                 0.3097693042728620 0.0706920871814129 0.3097693042728620 0.3097693042728620 0.1019369182898680
                 0.0706920871814129 0.3097693042728620 0.3097693042728620 0.3097693042728620 0.1019369182898680];
        end
        xip3=dat(:,1:4)'; w3=dat(:,5)';
        
        % Building the Extrapolation Matrix Nextr
        N1=zeros(nip3,nelnodes);
        for i1=1:nip3
            N1(i1,:)=N(xip3(:,i1),nelnodes);
        end
        if nelnodes==10
            mxi=[1  0  0  1
                0  1  0  1
                0  0  1  1
                0  0  0  1
                .5 .5  0  1
                0 .5 .5  1
                .5  0 .5  1
                .5  0  0  1
                0 .5  0  1
                0  0 .5  1];
        else
           mxi=[1   0   0   1
                0   1   0   1
                0   0   1   1
                0   0   0   1
                2/3 1/3 0   1
                1/3 2/3 0   1
                0   2/3 1/3 1
                0   1/3 2/3 1
                1/3 0   2/3 1
                2/3 0   1/3 1
                2/3 0   0   1
                1/3 0   0   1
                0   2/3 0   1
                0   1/3 0   1
                0   0   2/3 1
                0   0   1/3 1
                1/3 1/3 1/3 1
                1/3 1/3 0   1
                0   1/3 1/3 1
                1/3 0   1/3 1];
        end
        hxi=[xip3(1:3,:)' ones(nip3,1)];
        
        Np=pinv(N1);
        hxip=pinv(hxi);
        Nextr=Np*(eye(nip3)-hxi*hxip)+mxi*hxip;
    end